2 0.2485549140625 0.85769230859375 0.210982658203125 0.8 0.179190751953125 0.796153845703125 0.16763005859375 0.826923076171875 0.17052023046875 0.865384615234375 0.135838150390625 0.9115384609375 0.14739884375 0.96923076953125 0.208092486328125 0.9884615390625 0.2485549140625 0.934615384765625 0.2485549140625 0.85769230859375
2 0.364161849609375 0.00030769140625 0.2947976875 0.00030769140625 0.2052023125 0.0695384609375 0.2052023125 0.158 0.225433525390625 0.20030769140625 0.32947976953125 0.081076923828125 0.364161849609375 0.00030769140625
2 0.687861271484375 0.36923076953125 0.687861271484375 0.346153845703125 0.65317919140625 0.303846154296875 0.612716763671875 0.296153845703125 0.5751445078125 0.33076923046875 0.5722543359375 0.353846154296875 0.62427745703125 0.41923076953125 0.658959537109375 0.4115384609375 0.687861271484375 0.36923076953125
2 0.089595375 0.903846154296875 0.1011560703125 0.826923076171875 0.046242775390625 0.81923076953125 0.00867051953125 0.8384615390625 0 0.9115384609375 0.040462427734375 0.946153845703125 0.069364162109375 0.9384615390625 0.089595375 0.903846154296875
2 0.803468208984375 0.996153845703125 0.8381502890625 0.95769230859375 0.84393063671875 0.91923076953125 0.797687861328125 0.8615384609375 0.81502890234375 0.773076923828125 0.8092485546875 0.75 0.783236994140625 0.74230769140625 0.739884392578125 0.784615384765625 0.71387283203125 0.7884615390625 0.696531791015625 0.81923076953125 0.708092486328125 0.84230769140625 0.68208092578125 0.95 0.75722543359375 0.996153845703125 0.803468208984375 0.996153845703125
2 0.887283236328125 0.923076923828125 0.87572254296875 0.9384615390625 0.881502890625 0.996153845703125 0.997109826171875 0.996153845703125 0.997109826171875 0.76923076953125 0.968208091796875 0.746153845703125 0.968208091796875 0.69230769140625 0.953757224609375 0.684615384765625 0.936416185546875 0.7 0.901734103515625 0.68076923046875 0.86127167578125 0.8 0.858381501953125 0.834615384765625 0.872832369140625 0.873076923828125 0.887283236328125 0.876923076171875 0.887283236328125 0.923076923828125
2 0.533203125 0.10546875 0.537109375 0.10546875 0.5390625 0.109375 0.54296875 0.109375 0.546875 0.1171875 0.5625 0.1171875 0.564453125 0.12109375 0.5703125 0.12109375 0.580078125 0.130859375 0.580078125 0.1640625 0.576171875 0.166015625 0.57421875 0.17578125 0.5703125 0.177734375 0.568359375 0.18359375 0.564453125 0.18359375 0.560546875 0.19140625 0.556640625 0.193359375 0.556640625 0.19921875 0.5546875 0.201171875 0.5546875 0.23828125 0.55078125 0.240234375 0.548828125 0.255859375 0.544921875 0.259765625 0.541015625 0.259765625 0.5390625 0.263671875 0.53515625 0.263671875 0.533203125 0.267578125 0.51171875 0.267578125 0.509765625 0.263671875 0.50390625 0.263671875 0.498046875 0.255859375 0.49609375 0.228515625 0.4921875 0.2265625 0.4921875 0.220703125 0.486328125 0.21875 0.484375 0.212890625 0.474609375 0.20703125 0.47265625 0.201171875 0.466796875 0.1953125 0.466796875 0.185546875 0.462890625 0.18359375 0.462890625 0.169921875 0.466796875 0.16796875 0.466796875 0.158203125 0.47265625 0.15234375 0.474609375 0.142578125 0.478515625 0.138671875 0.482421875 0.138671875 0.486328125 0.130859375 0.490234375 0.126953125 0.494140625 0.126953125 0.5 0.1171875 0.50390625 0.1171875 0.51171875 0.109375 0.53125 0.109375 0.533203125 0.107421875
2 0.1484375 0.51953125 0.17578125 0.51953125 0.177734375 0.5234375 0.181640625 0.5234375 0.18359375 0.529296875 0.193359375 0.5390625 0.1953125 0.556640625 0.201171875 0.5625 0.205078125 0.5625 0.205078125 0.568359375 0.20703125 0.5703125 0.20703125 0.587890625 0.205078125 0.591796875 0.201171875 0.595703125 0.197265625 0.595703125 0.1953125 0.599609375 0.189453125 0.599609375 0.18359375 0.607421875 0.16796875 0.607421875 0.166015625 0.611328125 0.140625 0.611328125 0.134765625 0.603515625 0.134765625 0.5625 0.13671875 0.560546875 0.13671875 0.55078125 0.140625 0.548828125 0.140625 0.53125 0.14453125 0.5234375 0.1484375 0.521484375
2 0.2265625 0.177734375 0.248046875 0.177734375 0.25 0.181640625 0.25390625 0.181640625 0.255859375 0.19140625 0.26171875 0.197265625 0.265625 0.197265625 0.267578125 0.203125 0.271484375 0.205078125 0.2734375 0.2109375 0.283203125 0.220703125 0.283203125 0.23046875 0.28515625 0.232421875 0.28515625 0.271484375 0.283203125 0.2734375 0.283203125 0.283203125 0.279296875 0.28515625 0.27734375 0.306640625 0.2734375 0.30859375 0.271484375 0.326171875 0.267578125 0.328125 0.265625 0.333984375 0.26171875 0.337890625 0.255859375 0.337890625 0.25390625 0.341796875 0.228515625 0.341796875 0.2265625 0.337890625 0.220703125 0.337890625 0.21875 0.333984375 0.212890625 0.333984375 0.2109375 0.330078125 0.20703125 0.330078125 0.205078125 0.326171875 0.201171875 0.326171875 0.19921875 0.322265625 0.1953125 0.322265625 0.19140625 0.318359375 0.189453125 0.30859375 0.185546875 0.306640625 0.185546875 0.30078125 0.18359375 0.298828125 0.18359375 0.27734375 0.185546875 0.275390625 0.185546875 0.26953125 0.189453125 0.267578125 0.197265625 0.25390625 0.201171875 0.25390625 0.203125 0.25 0.20703125 0.25 0.212890625 0.24609375 0.21484375 0.220703125 0.216796875 0.21875 0.216796875 0.189453125 0.220703125 0.1875 0.220703125 0.181640625 0.2265625 0.1796875
2 0.486328125 0.30859375 0.5078125 0.30859375 0.509765625 0.314453125 0.515625 0.3203125 0.515625 0.345703125 0.513671875 0.34765625 0.513671875 0.361328125 0.509765625 0.36328125 0.509765625 0.375 0.513671875 0.376953125 0.515625 0.38671875 0.521484375 0.388671875 0.52734375 0.396484375 0.53125 0.396484375 0.533203125 0.41015625 0.537109375 0.412109375 0.537109375 0.4453125 0.533203125 0.447265625 0.53125 0.453125 0.517578125 0.453125 0.515625 0.455078125 0.513671875 0.484375 0.509765625 0.48828125 0.505859375 0.48828125 0.501953125 0.49609375 0.478515625 0.49609375 0.4765625 0.498046875 0.4765625 0.513671875 0.47265625 0.515625 0.470703125 0.537109375 0.4609375 0.546875 0.458984375 0.556640625 0.455078125 0.556640625 0.453125 0.560546875 0.431640625 0.560546875 0.419921875 0.548828125 0.41796875 0.52734375 0.4140625 0.525390625 0.4140625 0.51953125 0.408203125 0.513671875 0.40625 0.50390625 0.40234375 0.501953125 0.400390625 0.486328125 0.396484375 0.484375 0.396484375 0.474609375 0.39453125 0.47265625 0.39453125 0.435546875 0.400390625 0.427734375 0.404296875 0.427734375 0.40625 0.423828125 0.412109375 0.423828125 0.4140625 0.421875 0.4140625 0.388671875 0.41796875 0.38671875 0.41796875 0.380859375 0.419921875 0.375 0.423828125 0.373046875 0.42578125 0.36328125 0.4296875 0.361328125 0.431640625 0.35546875 0.44921875 0.35546875 0.451171875 0.353515625 0.451171875 0.34765625 0.455078125 0.345703125 0.45703125 0.33984375 0.46484375 0.33984375 0.46875 0.333984375 0.46875 0.328125 0.47265625 0.326171875 0.48046875 0.3125 0.486328125 0.310546875
2 0.015625 0.06640625 0.04296875 0.06640625 0.044921875 0.0703125 0.048828125 0.0703125 0.05078125 0.07421875 0.0546875 0.07421875 0.056640625 0.080078125 0.060546875 0.08203125 0.0625 0.091796875 0.06640625 0.09375 0.0703125 0.115234375 0.07421875 0.1171875 0.078125 0.125 0.0859375 0.126953125 0.087890625 0.13671875 0.091796875 0.138671875 0.09375 0.1484375 0.099609375 0.154296875 0.099609375 0.1953125 0.09765625 0.197265625 0.09765625 0.203125 0.09375 0.205078125 0.091796875 0.21875 0.076171875 0.234375 0.056640625 0.234375 0.0546875 0.23046875 0.046875 0.23046875 0.044921875 0.2265625 0.041015625 0.2265625 0.0390625 0.220703125 0.033203125 0.21875 0.03125 0.21484375 0.021484375 0.21484375 0.01953125 0.21875 0.009765625 0.21875 0.0078125 0.21484375 0.00390625 0.21484375 0 0.2109375 0 0.07421875 0.00390625 0.07421875 0.005859375 0.0703125 0.013671875 0.0703125 0.015625 0.068359375
2 0.089595375 0.903846154296875 0.1040462421875 0.83076923046875 0.046242775390625 0.81923076953125 0.00867051953125 0.8384615390625 0 0.9115384609375 0.040462427734375 0.946153845703125 0.069364162109375 0.9384615390625 0.089595375 0.903846154296875
2 0.74609375 0.06640625 0.755859375 0.06640625 0.7578125 0.0703125 0.76171875 0.0703125 0.763671875 0.07421875 0.767578125 0.07421875 0.771484375 0.078125 0.7734375 0.083984375 0.783203125 0.09375 0.787109375 0.103515625 0.79296875 0.10546875 0.79296875 0.111328125 0.796875 0.11328125 0.798828125 0.123046875 0.802734375 0.125 0.802734375 0.1484375 0.798828125 0.150390625 0.79296875 0.16015625 0.779296875 0.16015625 0.767578125 0.1484375 0.76171875 0.150390625 0.759765625 0.18359375 0.755859375 0.185546875 0.75390625 0.1953125 0.74609375 0.1953125 0.744140625 0.19921875 0.728515625 0.19921875 0.7265625 0.1953125 0.720703125 0.1953125 0.712890625 0.18359375 0.712890625 0.173828125 0.708984375 0.171875 0.708984375 0.126953125 0.712890625 0.125 0.716796875 0.11328125 0.720703125 0.11328125 0.72265625 0.109375 0.728515625 0.107421875 0.728515625 0.1015625 0.732421875 0.099609375 0.734375 0.0859375 0.73828125 0.083984375 0.740234375 0.0703125 0.74609375 0.068359375